0.000e+00
0.000e+00
0.000e+00
0.000e+00
0.000e+00
0.000e+00
0.000e+00
0.000e+00
0.000e+00
0.000e+00
0.000e+00
0.000e+00
0.000e+00
0.000e+00
0.000e+00
0.000e+00
0.000e+00
0.000e+00
0.000e+00
0.000e+00
0.000e+00
0.000e+00
0.000e+00
0.000e+00
0.000e+00
0.000e+00
0.000e+00
0.000e+00
0.000e+00
0.000e+00
0.000e+00
0.000e+00
0.000e+00
0.000e+00
0.000e+00
0.000e+00
0.000e+00
0.000e+00
0.000e+00
0.000e+00
0.000e+00
0.000e+00
0.000e+00
0.000e+00
0.000e+00
0.000e+00
0.000e+00
0.000e+00
0.000e+00
0.000e+00
0.000e+00
0.000e+00
0.000e+00
0.000e+00
0.000e+00
0.000e+00
0.000e+00
0.000e+00
0.000e+00
0.000e+00
0.000e+00
0.000e+00
0.000e+00
0.000e+00
0.000e+00
0.000e+00
0.000e+00
0.000e+00
0.000e+00
0.000e+00
0.000e+00
0.000e+00
0.000e+00
0.000e+00
0.000e+00
0.000e+00
0.000e+00
0.000e+00
0.000e+00
0.000e+00
0.000e+00
0.000e+00
6.854e-06
3.967e-06
1.085e-05
5.851e-05
9.869e-05
1.478e-04
2.303e-04
2.826e-04
4.330e-04
3.394e-04
2.951e-04
1.949e-04
1.795e-04
1.233e-04
1.488e-04
1.030e-04
6.735e-05
9.185e-05
6.112e-05
4.341e-05
4.326e-05
4.375e-05
5.999e-05
4.054e-05
5.731e-05
5.305e-05
5.423e-05
1.295e-04
1.179e-04
1.612e-04
1.150e-04
1.096e-04
1.099e-04
1.033e-04
1.325e-04
1.597e-04
1.090e-04
1.030e-04
1.072e-04
1.446e-04
1.493e-04
1.536e-04
9.890e-05
1.241e-04
1.164e-04
1.341e-04
1.771e-04
1.330e-04
1.599e-04
1.645e-04
1.800e-04
2.382e-04
2.085e-04
2.641e-04
2.812e-04
2.968e-04
2.602e-04
3.121e-04
5.287e-04
4.364e-04
5.074e-04
4.375e-04
4.774e-04
5.914e-04
6.587e-04
8.084e-04
8.490e-04
7.124e-04
8.840e-04
1.099e-03
1.259e-03
1.170e-03
1.421e-03
2.291e-03
2.114e-03
1.941e-03
2.448e-03
2.184e-03
3.551e-03
2.731e-03
3.360e-03
3.227e-03
3.043e-03
3.540e-03
5.877e-03
4.770e-03
6.968e-03
6.538e-03
9.100e-03
7.931e-03
6.071e-03
5.999e-03
6.249e-03
5.852e-03
5.584e-03
4.957e-03
4.617e-03
4.594e-03
9.174e-03
1.051e-02
8.194e-03
4.785e-03
1.782e-02
1.141e-02
5.873e-03
1.627e-02
9.506e-03
7.505e-03
7.566e-03
7.829e-03
7.554e-03
6.420e-03
4.578e-03
8.551e-03
9.612e-03
7.229e-03
6.470e-03
7.823e-03
4.443e-03
3.796e-03
2.080e-02
1.304e-02
9.885e-03
1.036e-02
6.743e-03
6.363e-03
5.089e-03
3.258e-03
6.115e-03
5.995e-03
3.519e-03
1.442e-02
7.431e-03
4.794e-03
7.692e-03
5.627e-03
3.699e-03
7.334e-03
8.675e-03
6.448e-03
4.705e-03
2.723e-03
5.467e-03
7.286e-03
6.592e-03
5.424e-03
4.938e-03
4.441e-03
3.741e-03
3.489e-03
3.337e-03
2.788e-03
2.270e-03
1.384e-03
9.779e-04
2.516e-03
8.437e-03
1.020e-02
6.350e-03
6.287e-03
4.833e-03
4.452e-03
4.262e-03
3.788e-03
3.051e-03
2.474e-03
1.680e-03
1.238e-03
2.113e-03
3.127e-03
2.657e-03
2.299e-03
2.329e-03
2.888e-03
3.519e-03
3.786e-03
3.832e-03
3.646e-03
2.948e-03
2.241e-03
1.952e-03
1.646e-03
1.683e-03
1.852e-03
2.037e-03
2.282e-03
2.255e-03
2.146e-03
2.121e-03
1.710e-03
2.184e-03
2.238e-03
2.149e-03
2.008e-03
1.924e-03
1.951e-03
1.990e-03
2.070e-03
2.421e-03
2.626e-03
2.753e-03
2.754e-03
2.847e-03
2.822e-03
2.630e-03
2.333e-03
2.008e-03
1.671e-03
1.710e-03
2.082e-03
2.484e-03
2.753e-03
2.924e-03
3.081e-03
3.172e-03
3.203e-03
3.112e-03
3.085e-03
3.151e-03
3.141e-03
3.053e-03
3.162e-03
3.111e-03
2.912e-03
2.141e-03
1.953e-03
2.581e-03
2.656e-03
2.621e-03
2.630e-03
2.629e-03
2.597e-03
2.646e-03
2.554e-03
2.578e-03
2.505e-03
2.547e-03
2.484e-03
2.460e-03
2.412e-03
2.468e-03
2.407e-03
2.354e-03
2.240e-03
2.260e-03
2.127e-03
1.987e-03
1.796e-03
1.329e-03
8.234e-04
5.527e-04
1.102e-03
1.650e-03
1.892e-03
1.964e-03
2.081e-03
2.110e-03
2.141e-03
2.135e-03
2.136e-03
2.120e-03
2.103e-03
2.079e-03
2.072e-03
2.080e-03
2.069e-03
2.037e-03
2.072e-03
2.060e-03
1.956e-03
1.487e-03
1.480e-03
1.835e-03
1.853e-03
1.853e-03
1.890e-03
1.910e-03
1.880e-03
1.879e-03
1.887e-03
1.858e-03
1.855e-03
1.861e-03
1.887e-03
1.821e-03
1.850e-03
1.834e-03
1.824e-03
1.814e-03
1.812e-03
1.811e-03
1.848e-03
1.789e-03
1.686e-03
1.153e-03
1.493e-03
1.461e-03
1.447e-03
1.473e-03
1.464e-03
1.501e-03
1.460e-03
1.462e-03
1.470e-03
1.467e-03
1.443e-03
1.416e-03
1.432e-03
1.459e-03
1.433e-03
1.407e-03
1.393e-03
1.394e-03
1.402e-03
1.387e-03
1.370e-03
1.381e-03
1.353e-03
1.389e-03
1.342e-03
1.352e-03
1.328e-03
1.298e-03
1.268e-03
1.288e-03
1.291e-03
1.250e-03
1.303e-03
1.251e-03
1.247e-03
1.205e-03
1.199e-03
1.198e-03
1.180e-03
1.173e-03
1.195e-03
1.135e-03
1.143e-03
1.082e-03
1.107e-03
1.106e-03
1.094e-03
1.053e-03
1.043e-03
1.028e-03
9.693e-04
9.587e-04
9.262e-04
9.321e-04
9.103e-04
9.163e-04
8.908e-04
8.576e-04
8.418e-04
8.368e-04
8.257e-04
8.036e-04
8.018e-04
7.754e-04
7.641e-04
7.651e-04
7.439e-04
7.525e-04
7.218e-04
7.303e-04
7.026e-04
7.109e-04
6.798e-04
6.632e-04
6.373e-04
6.434e-04
6.141e-04
6.216e-04
6.095e-04
5.901e-04
5.755e-04
5.609e-04
5.512e-04
5.316e-04
5.138e-04
5.075e-04
5.066e-04
4.970e-04
4.849e-04
4.659e-04
4.668e-04
4.644e-04
4.521e-04
4.481e-04
4.154e-04
4.077e-04
4.024e-04
3.874e-04
3.760e-04
3.783e-04
3.632e-04
3.604e-04
3.497e-04
3.557e-04
3.388e-04
3.287e-04
3.358e-04
3.082e-04
3.048e-04
3.051e-04
2.847e-04
2.991e-04
2.989e-04
2.936e-04
2.888e-04
2.695e-04
2.703e-04
2.712e-04
2.843e-04
2.892e-04
2.890e-04
2.926e-04
2.847e-04
2.954e-04
3.183e-04
3.105e-04
3.176e-04
3.292e-04
3.486e-04
3.413e-04
3.621e-04
3.685e-04
3.680e-04
3.673e-04
3.690e-04
3.839e-04
3.814e-04
3.903e-04
3.854e-04
4.042e-04
3.866e-04
3.781e-04
3.732e-04
3.751e-04
3.716e-04
3.466e-04
3.608e-04
3.357e-04
3.142e-04
3.186e-04
2.931e-04
2.913e-04
2.796e-04
2.579e-04
2.631e-04
2.296e-04
2.235e-04
2.082e-04
2.074e-04
1.904e-04
1.715e-04
1.695e-04
1.513e-04
1.410e-04
1.321e-04
1.252e-04
1.118e-04
1.110e-04
9.369e-05
9.945e-05
8.313e-05
7.812e-05
7.176e-05
6.672e-05
5.819e-05
5.829e-05
4.648e-05
5.128e-05
4.479e-05
3.963e-05
3.628e-05
3.418e-05
2.877e-05
2.675e-05
2.470e-05
2.391e-05
2.195e-05
1.709e-05
1.659e-05
1.674e-05
1.378e-05
1.264e-05
1.160e-05
9.273e-06
1.041e-05
8.315e-06
8.380e-06
8.753e-06
7.302e-06
6.266e-06
5.501e-06
4.580e-06
4.276e-06
5.350e-06
2.845e-06
3.437e-06
2.097e-06
2.289e-06
3.091e-06
1.531e-06
2.182e-06
1.057e-06
1.352e-06
1.608e-06
1.377e-06
9.327e-07
1.155e-06
8.797e-07
6.167e-07
2.142e-07
9.883e-07
5.261e-07
8.241e-07
1.105e-06
5.875e-07
2.136e-07
1.924e-07
1.371e-07
9.080e-08
6.834e-08
7.545e-08
5.039e-07
2.094e-07
4.823e-07
3.112e-07
6.575e-08
0.000e+00
1.037e-07
0.000e+00
0.000e+00
6.890e-08
0.000e+00
1.199e-07
0.000e+00
0.000e+00
0.000e+00
2.332e-07
7.873e-08
0.000e+00
0.000e+00
0.000e+00
0.000e+00
1.235e-07
8.570e-08
1.319e-07
0.000e+00
0.000e+00
0.000e+00
7.033e-08
0.000e+00
0.000e+00
0.000e+00
0.000e+00
0.000e+00
0.000e+00
0.000e+00
0.000e+00
0.000e+00
0.000e+00
0.000e+00
0.000e+00
0.000e+00
0.000e+00
0.000e+00
0.000e+00
0.000e+00
0.000e+00
7.590e-08
0.000e+00
0.000e+00
0.000e+00
0.000e+00
0.000e+00
0.000e+00
0.000e+00
0.000e+00
0.000e+00
0.000e+00
0.000e+00
0.000e+00
0.000e+00
0.000e+00
0.000e+00
0.000e+00
0.000e+00
0.000e+00
0.000e+00
0.000e+00
0.000e+00
0.000e+00
0.000e+00
0.000e+00
0.000e+00
0.000e+00
0.000e+00
0.000e+00
0.000e+00
0.000e+00
0.000e+00
0.000e+00
0.000e+00
0.000e+00
0.000e+00
0.000e+00
0.000e+00
0.000e+00
0.000e+00
0.000e+00
0.000e+00
0.000e+00
0.000e+00
0.000e+00
0.000e+00
0.000e+00
0.000e+00
0.000e+00
0.000e+00
0.000e+00
0.000e+00
0.000e+00
0.000e+00
0.000e+00
1
NAME_IN_FLUXES_FILE
